Number G1	Number G2	Set up date	Block 1	Block 2	Line	Mated/Virgin	N nymphs	Survival (hours)	Failed to parasitise	Failed to produce offspring		Mummies	Wasps	Unemerged	Males	Females	Exclude (no G2)	Exclude (lost or killed mother)	SA	Alleles
1	1	03/06/2023	1	1	64	Mated	44	72	1	1	NA	0	 	#VALUE!	0	0	0	1	1	184.192
2	Y	03/06/2023	1	1	Sexual	Virgin								0			1	0		
3	3M	03/06/2023	1	1	Sexual	Mated	43	72	0	0	0	14	13	1	9	2	0	0		
3	3V	03/06/2023	1	1	Sexual	Virgin	41	72	0	0	NA	40	6	34	6	0	0	0		
4	4	03/06/2023	1	1	402	Virgin	40	72	0	0	NA	9	2	7			0	0		
5	5	03/06/2023	1	1	402	Mated	46	72	0	0	NA	28	6	22	0	6	0	0	1	184.192
6	6	03/06/2023	1	1	348	Virgin	50	72	0	0	NA	35	20	15	0	20	0	0	1	184.192
7	7V	03/06/2023	1	1	Sexual	Virgin	36	72	0	0	NA	20	10	10	7	0	0	0		
7	7M	03/06/2023	1	1	Sexual	Mated	36	72	0	0	1	50	16	34	16	0	0	0		
8	8	03/06/2023	1	1	64	Virgin	44	72	0	0	NA	52	3	49	0	3	0	0		
9	9M	03/06/2023	1	1	Sexual	Mated	50	72	0	0	0	44	38	6	9	35	0	0		
9	9V	03/06/2023	1	1	Sexual	Virgin	50	72	0	0	NA	49	25	24	25	0	0	0		
10	10V 	03/06/2023	1	1	Sexual	Virgin	50	72	0	0	NA	38	28	10	28	0	0	0		
10	10M	03/06/2023	1	1	Sexual	Mated	52	49	0	0	0	50	13	37	12	1	0	0		
11	11	05/06/2023	1	3	402	Virgin	44	26	0	1	NA	1	0	1	0	0	0	0	0	184.184
12	12	03/06/2023	1	1	64	Mated	31	72	0	0	NA	26	1	25			0	0	0	184.184
13			1		Sexual	Virgin		72			NA			0			1	0		
14	14	03/06/2023	1	1	402	Virgin	50	72	0	0	NA	32	7	25	0	7	0	0		
15			1		Sexual	Mated								0			1	0		
16			1		Sexual	Virgin		72			NA			0			1	0		
17			1		Sexual	Virgin		72			NA			0			1	0		
18	18	03/06/2023	1	1	554	Mated	60	72	0	0	NA	2	1	1			0	0	1	184.192
19	19	03/06/2023	1	1	554	Virgin	50	72	0	0	NA	23	6	17	1	5	0	1		
20			1		554	Mated								0			1	0		
21	Y	03/06/2023	1	1	Sexual	Virgin		72			NA			0			1	0		
22			1		554	Mated								0			1	0		
23			1		402	Virgin								0			1	0		
24	24	03/06/2023	1	1	64	Mated	28	26.33333333	1	1	NA	0	0	0	0	0	0	0	1	184.192
25	Y		1		Sexual	Virgin		72			NA			0			1	0		
26			1		Sexual	Virgin		72			NA			0			1	0		
27		05/06/2023	1	3	Sexual	Virgin		72			NA			0			1	0		
28	28	03/06/2023	1	1	402	Mated	48	72	0	0	NA	39	6	33	2	4	0	0	1	184.192
29	29	05/06/2023	1	3	348	Virgin	30	72	0	0	NA	38	17	21	0	17	0	0		
30		05/06/2023	1	3	Sexual	Mated								0			1	0		
30	30V	03/06/2023	1	1	Sexual	Virgin	39	72	0	0	NA	49	8	41	8	0	0	0		
31			1		Sexual	Virgin		72			NA			0			1	0		
32	32V	04/06/2023	1	2	Sexual	Virgin	37	72			NA			0			1	0		
32	32M	03/06/2023	1	1	Sexual	Mated		72	0	0	1	28	15	13	15	0	0	0		
33	33	03/06/2023	1	1	64	Virgin	35	26.33333333	1	1	NA	0	0	0	0	0	0	0		
34	34	03/06/2023	1	1	348	Mated	55	72	0	0	NA	41	8	33	0	8	0	0	1	184.192
35	35	03/06/2023	1	1	84	Virgin	44	72	0	0	NA	1	1	0			0	1		
36			1		658	Mated								0			1	0		
37			1		554	Virgin								0			1	0		
38	38	05/06/2023	1	3	348	Virgin	51	72	0	0	NA	29	15	14	0	15	0	0	0	184.184
39	39	03/06/2023	1	1	64	Virgin	35	49	0	0	NA	10	1	9			0	0		
40	40	05/06/2023	1	3	658	Virgin	43	72	0	0	NA	21	2	19			0	1		
41			1		Sexual	Virgin		72			NA	0	0	0	0	0	1	0		
42	42	03/06/2023	1	1	554	Virgin	58	72	1	1	NA	0	0	0	0	0	0	0		
43			1		Sexual	Virgin		72			NA			0			1	0		
44	44	03/06/2023	1	1	64	Virgin	50	72	0	0	NA	67	22	45	0	22	0	0		
50	50	04/06/2023	2	2	402	Mated	46	72	0	0	NA	26	2	24			0	0		
51	51	04/06/2023	2	2	402	Virgin	36	72	0	0	NA	32	1	31			0	0		
52	52M	04/06/2023	2	2	Sexual	Mated	34	50	0	0	1	29	28	1	29	0	0	0		
52	52V	04/06/2023	2	2	Sexual	Virgin	60	72	0	0	NA	30	6	24	3	3	0	0		
54	54	04/06/2023	2	2	64	Mated	35	72	0	1	NA	2	0	2	0	0	0	0		
55			2		Sexual	Virgin		72			NA			0			1	0		
56	56M	04/06/2023	2	2	Sexual	Mated	37	50	0	0	1	37	26	11	26	0	0	0		
56	56V	04/06/2023	2	2	Sexual	Virgin	42	72	0	0	NA	33	12	21	12	0	0	0		
57			2		Sexual	Virgin		72			NA			0			1	0		
58	58	04/06/2023	2	2	658	Mated	60	72	0	0	NA	39	2	37			0	0	1	184.192
59	59	04/06/2023	2	2	348	Virgin	35	72	0	0	NA	36	1	35			0	0		
60	60	04/06/2023	2	2	402	Mated	33	72	0	0	NA	37	12	25	0	12	0	0	1	184.192
61			2		402	Virgin								0			1	0		
62	62	04/06/2023	2	2	64	Mated	31	50	1	1	NA	0	0	0	0	0	0	0	1	192.192
63			2		348	Virgin								0			1	0		
64	64	04/06/2023	2	2	658	Mated	26	24.75	1	1	NA	0	0	0	0	0	0	0		
65	65	04/06/2023	2	2	348	Virgin	48	72	0	0	NA	39	8	31	0	8	0	0		
66	66	04/06/2023	2	2	402	Mated	40	72	0	0	NA	2	2	0			0	0		
67			2		Sexual	Virgin		72			NA			0			1	0		
68	68	04/06/2023	2	2	402	Mated	33	50			NA			0			0	0		
69			2		Sexual	Virgin		72			NA			0			1	0		
70	70V	04/06/2023	2	2	Sexual	Virgin	38	72	0	0	NA	16	9	7	9	0	0	0		
70	70M	04/06/2023	2	2	Sexual	Mated	45	50	0	0	0	54	7	47	5	2	0	0		
71			2		Sexual	Virgin		72			NA			0			1	0		
72	72	04/06/2023	2	2	64	Mated	38	72	1	1	NA	0	0	0	0	0	0	1	1	184.192
73			2		554	Virgin								0			1	0		
76	76V	04/06/2023	2	2	Sexual	Virgin	39	50	0	0	NA	12	4	8	4	0	0	0	1	192.192
76	76M	04/06/2023	2	2	Sexual	Mated	48	50	0	0	1	47	6	41	6	0	0	0		
77	77	04/06/2023	2	2	402	Virgin	46	50	0	0	NA	20	3	17			0	0		
78	78	04/06/2023	2	2	402	Mated	90	72	0	0	NA	30	2	28	0	2	0	0	1	184.192
79	79	04/06/2023	2	2	348	Virgin	37	50	1	1	NA	0	0	0	0	0	0	0		
80	80M	04/06/2023	2	2	Sexual	Mated	51	50	0	0	NA	22	1	21			0	0		
80	80V	04/06/2023	2	2	Sexual	Virgin	46	50	0	0	NA	53	5	48	4	1	0	0		
81	81	04/06/2023	2	2	64	Virgin	35	50	0	0	NA	13	1	12			0	0		
82	82	04/06/2023	2	2	66	Mated	60	72	0	0	NA	57	2	55	2	0	0	0	1	184.192
83	83	04/06/2023	2	2	64	Virgin	34	72	0	0	NA	23	4	19	0	4	0	0		
84	84	04/06/2023	2	2	348	Mated	70	50	1	1	NA	0	0	0	0	0	0	0	1	184.192
85	85	04/06/2023	2	2	84	Virgin	37	72	0	0	NA	23	6	17	0	6	0	0		
86	86	04/06/2023	2	2	554	Mated	42	50	0	1	NA	1	0	1	0	0	0	0	0	184.184
87			2		554	Virgin								0			1	0		
88			2		348	Mated								0			1	0		
89	89	04/06/2023	2	2	66	Virgin	42	72	0	0	NA	50	7	43	0	7	0	0		
90	90	04/06/2023	2	2	66	Mated	35	50	1	1	NA	0	0	0	0	0	0	0	0	184.184
91	91	04/06/2023	2	2	658	Virgin	40	72	0	0	NA	34	5	29	0	3	0	0	0	184.184
92	92	04/06/2023	2	2	348	Mated	79	72	1	1	NA	0	0	0	0	0	0	0		
93	93	04/06/2023	2	2	84	Virgin	32	72	0	0	NA	31	4	27	0	4	0	0	0	184.184
94	94	04/06/2023	2	2	554	Mated	40	50	1	1	NA	0	0	0	0	0	0	0	1	192.192
95			2		402	Virgin								0			1	0		
96			2		84	Mated								0			1	0		
97	77	04/06/2023	2	2	66	Virgin	30	50	0	0	NA	22	5	17			0	0		
98	98	04/06/2023	2	2	402	Mated	51	50	0	0	NA	26	12	14	0	12	0	0	1	184.192
99	99	04/06/2023	2	2	84	Virgin	46	50	1	1	NA	0	0	0	0	0	0	0		
105			3		Sexual	Mated								0			1	0		
106	106	05/06/2023	3	3	84	Mated	56	72	0	0	NA	61	5	56	2	3	0	0	0	184.184
107	107	07/06/2023	3	4	64	Virgin	74	72	0	1	NA	37	0	37	0	0	0	0		
108	108	05/06/2023	3	3	84	Virgin	44	72	0	0	NA	54	3	51			0	0		
109			3		Sexual	Virgin		72			NA			0			1	0		
110	110	05/06/2023	3	3	348	Virgin	46	72	0	0	NA	61	6	55	0	6	0	0		
111	111	05/06/2023	3	3	66	Virgin	43	72	0	0	NA	65	9	56	0	2	0	0		
112	112	05/06/2023	3	3	658	Virgin	30	72	0	0	NA	11	10	1	0	10	0	0		
113	113	05/06/2023	3	3	402	Virgin	40	72	0	0	NA	29	6	23	0	6	0	0		
114	114	05/06/2023	3	3	64	Mated	43	47.75	0	1	NA	13	0	13	0	0	0	0	1	184.192
116	116	05/06/2023	3	3	66	Mated	49	72	0	0	NA	64	5	59	0	3	0	0	0	184.184
117	117	05/06/2023	3	3	348	Mated	54	72	1	1	NA	0	0	0			0	0	1	184.192
118	118	05/06/2023	3	3	402	Mated	60	72	1	1	NA	0	0	0	0	0	0	1	1	184.192
119	119	07/06/2023	3	4	658	Mated	48	72	1	1	NA	0	0	0	0	0	0	0		
120	Y	05/06/2023	3	3	Sexual	Mated								0			1	0		
120	120	05/06/2023	3	3	Sexual	Mated	39	47.75	1	1	NA	0	0	0	0	0	0	0		
121	121	05/06/2023	3	3	348	Virgin	40	72	0	0	NA	59	15	44	0	15	0	0	0	184.184
122	122	05/06/2023	3	3	64	Virgin	56	72	0	0	NA	44	1	43			0	0	0	184.184
123			3		84	Virgin								0			1	0		
124			3		402	Virgin								0			1	0		
125	125	05/06/2023	3	3	66	Virgin	66	72	0	0	NA	76	2	74	1	1	0	0		
126			3		Sexual	Virgin		72			NA			0			1	0		
127	127	05/06/2023	3	3	64	Mated	50	47.75	0	0	NA	7	3	4	0	3	0	0		
128	128	05/06/2023	3	3	348	Mated	32	26	0	0	NA	1	1	0			0	0	1	184.192
129	129	05/06/2023	3	3	66	Mated	40	72	0	1	NA	37	0	37	0	0	0	0	0	184.184
130	130	05/06/2023	3	3	348	Virgin	34	72	0	0	NA	35	13	22	0	13	0	0		
131	Y	05/06/2023	3	3	Sexual	Mated								0			1	0		
132	132	05/06/2023	3	3	64	Virgin	56	72	0	0	NA	64	32	32	0	32	0	0	0	184.184
133			3		Sexual	Virgin		72			NA			0			1	0	1	192.192
134	134	05/06/2023	3	3	66	Virgin	44	47.75	0	0	NA	36	8	28	0	8	0	0		
135	135	05/06/2023	3	3	64	Mated	38	72	0	0	NA	44	2	42			0	0	0	184.184
136	136	05/06/2023	3	3	348	Mated	34	72	1	1	NA	0	0	0	0	0	0	0		
137			3		64	Virgin								0			1	0		
100A	100AV	04/06/2023	2	2	Sexual	Virgin	40	50	0	0	NA	46	28	18	8	17	0	0	1	192.192
100A	100AM	04/06/2023	2	2	Sexual	Mated	43	72	0	0	1	47	12	35	12	0	0	0		
100B	100B	04/06/2023	3	2	348	Mated	40	72	0	0	NA	24	7	17	0	7	0	0	0	184.184
101A			2		Sexual	Virgin		72			NA			0			1	0		
101B	101B	05/06/2023	3	3	64	Mated	37	72	1	1	NA	0	0	0	0	0	0	0	0	184.184
102A			2		Sexual	Mated								0			1	0		
102A	102AV	04/06/2023	2	2	Sexual	Virgin	50	72	0	0	NA	68	13	55	12	1	0	0		
102B	102B	05/06/2023	3	3	66	Mated	43	72	1	1	NA	0	0	0	0	0	0	0	1	184.192
103A			2		Sexual	Virgin		72			NA			0			1	0		
103B	103B	05/06/2023	3	3	402	Mated	52	47.75	1	1	NA	0	0	0	0	0	0	0		
104A	104A	05/06/2023	2	3	84	Mated	34	26	0	0	NA	20	3	17	0	3	0	0	1	184.192
104B	104B	05/06/2023	3	3	658	Mated	45	72	0	0	NA	3	2	1			0	0		
69A	69A	04/06/2023	2	2	64	Virgin	44	50	0	0	NA	39	27	12	0	27	0	0		